0,0,0,0,0,0,0,0,0,0,0,0,0,0,0,0
0,0,0,0,0,0,0,0,0,0,0,0,0,0,0,0
0,0,0,0,0,0,0,0,0,0,0,0,0,0,0,0
0,0,0,0,0,0,0,0,0,0,0,0,0,0,0,0
0,0,0,0,0,0,0,0,0,0,0,0,0,0,0,0
0,0,0,0,0,0,0,0,0,0,0,0,0,0,0,0
0,0,0,0,0,0,0,0,0,0,0,0,0,0,0,0
0,0,0,0,0,0,0,0,0,0,0,0,0,0,0,0
0,0,0,0,0,0,0,0,0,0,0,0,0,0,0,0
0,0,0,0,0,0,0,0,0,0,0,0,0,0,0,0
0,0,0,0,0,0,0,0,0,0,0,0,0,0,0,0
0,0,0,0,0,0,0,0,0,0,0,78,0,0,0,0
0,0,0,0,0,0,0,0,0,0,0,66,0,0,0,0
0,0,0,0,0,0,0,0,0,0,0,66,0,0,0,0
0,0,0,0,0,0,0,0,0,0,0,66,0,0,0,0
0,0,0,0,0,0,0,0,0,0,0,66,0,0,0,0
0,0,0,0,0,0,0,0,0,0,0,66,0,0,0,0
0,0,0,0,0,0,0,0,0,0,0,66,0,0,0,0
0,0,0,0,0,0,0,0,0,0,0,66,0,0,0,0
0,0,0,0,0,0,0,0,0,0,0,78,0,0,0,0
0,0,0,0,0,0,0,0,0,0,0,0,0,0,0,0
0,0,0,0,0,0,0,0,0,0,0,0,0,0,0,0
0,0,0,0,0,0,0,0,0,0,0,0,0,0,0,0
0,0,0,0,0,0,0,0,0,0,0,0,0,0,0,0
0,0,0,0,0,0,0,0,0,0,0,78,0,0,0,0
0,0,0,0,0,0,0,0,0,0,0,66,0,0,0,0
0,0,0,0,0,0,0,0,0,0,0,66,0,0,0,0
0,0,0,0,0,0,0,0,0,0,0,66,0,0,0,0
0,0,0,0,0,0,0,0,0,0,0,78,0,0,0,0
0,0,0,0,0,0,0,0,0,0,0,0,0,0,0,0
0,0,0,0,0,0,0,0,0,0,0,0,0,0,0,0
0,0,0,0,0,0,0,0,0,0,0,0,0,0,0,0
0,0,0,0,0,0,0,0,0,0,0,0,0,0,0,0
0,0,0,0,0,0,0,0,0,0,0,0,0,0,0,0
0,0,0,0,0,0,0,0,0,0,0,0,0,0,0,0
0,0,0,0,0,0,0,0,0,0,0,0,0,0,0,0
0,0,0,0,0,0,0,0,0,0,0,66,0,0,0,0
0,0,0,0,0,0,0,0,0,0,0,0,0,0,0,0
0,0,0,0,0,0,0,0,0,0,0,0,0,0,0,0
0,0,0,0,0,0,0,0,0,0,0,0,0,0,0,0
0,0,0,0,0,0,0,0,0,0,0,0,0,0,0,0
0,0,0,0,0,0,0,0,0,0,0,0,0,0,0,0
0,0,0,0,0,0,0,0,0,0,0,0,0,0,0,0
0,0,0,0,0,0,0,0,0,0,0,0,0,0,0,0
0,0,0,0,0,0,0,0,0,0,0,0,0,0,0,0
0,0,0,0,0,0,0,0,0,0,0,0,0,0,0,0
0,0,0,0,0,0,0,0,0,0,0,0,0,0,0,0
0,0,0,0,0,85,87,87,87,86,87,0,0,0,0,0
0,0,0,0,0,0,0,0,0,0,0,0,0,0,0,0
0,0,0,0,0,0,0,0,0,0,0,0,0,0,0,0
0,0,0,0,0,0,0,0,0,0,0,0,0,0,0,0
0,0,0,0,0,0,0,0,0,0,0,0,0,0,0,0
0,0,0,0,0,0,0,0,0,0,0,0,0,0,0,0
0,0,0,0,0,0,0,0,0,0,0,0,0,0,0,0
0,0,0,0,0,0,0,0,0,0,0,0,0,0,0,0
0,0,0,0,0,0,0,0,0,0,0,0,0,0,0,0
0,0,0,0,0,0,0,0,0,0,0,0,0,0,0,0
0,0,0,0,0,0,0,0,0,0,0,0,0,0,0,0
0,0,0,0,0,0,0,0,0,0,0,0,0,0,0,0
0,0,0,0,0,0,0,0,0,0,0,0,0,0,0,0
0,0,0,0,0,0,0,0,0,0,0,0,0,0,0,0
0,0,0,0,0,0,0,0,0,0,0,0,0,0,0,0
0,0,0,0,0,0,0,0,0,0,0,0,0,0,0,0
0,0,0,0,0,0,0,0,0,0,0,0,0,0,0,0
0,0,0,0,0,0,0,0,0,0,0,0,0,0,0,0
0,0,0,0,0,0,0,0,0,0,0,0,0,78,0,0
0,0,0,0,0,0,0,0,0,0,0,0,0,66,0,0
0,0,0,0,0,0,0,0,0,0,0,0,0,66,0,0
0,0,0,0,0,0,0,0,0,0,0,0,0,66,0,0
0,0,0,0,0,0,0,0,0,0,0,0,0,66,0,0
0,0,0,0,0,0,0,0,0,0,0,0,0,78,0,0
0,0,0,0,0,0,0,0,0,0,0,0,0,66,0,0
0,0,0,0,0,0,0,0,0,0,0,0,0,66,0,0
0,0,0,0,0,0,0,0,0,0,0,0,0,66,0,0
0,0,0,0,0,0,0,0,0,0,0,0,0,66,0,0
0,0,0,0,0,87,87,87,87,87,87,87,87,84,87,87
0,0,0,0,0,0,0,0,0,0,0,0,0,66,0,0
0,0,0,0,0,0,0,0,0,0,0,0,0,66,0,0
0,0,0,0,0,0,0,0,0,0,0,0,0,66,0,0
0,0,0,0,0,0,0,0,0,0,0,0,0,66,0,0
0,0,0,0,0,0,0,0,0,0,0,0,0,78,0,0
0,0,0,0,0,0,0,0,0,0,0,0,0,0,0,0
0,0,0,0,0,0,0,0,0,0,0,0,0,0,0,0
0,0,0,0,0,0,0,0,0,0,0,0,0,0,0,0
0,0,0,0,0,0,0,0,0,0,0,0,0,0,0,0
0,0,0,0,0,0,0,0,0,0,0,0,0,0,0,0
0,0,0,0,0,0,0,0,0,0,0,0,0,0,0,0
0,0,0,0,0,0,0,0,0,0,0,0,0,0,0,0
0,0,0,0,0,0,0,0,0,0,0,0,0,0,0,0
0,0,0,0,0,0,0,0,0,0,0,0,0,0,0,0

